   1.7947749999999998E-002
   1.8394065724350362E-002
   1.8854767220409518E-002
   1.9329643608542793E-002
   1.9818444257889260E-002
   2.0320880828846085E-002
   2.0836629281885590E-002
   2.1365331852423484E-002
   2.1906598991479703E-002
   2.2460011271886449E-002
   2.3025121259816195E-002
   2.3601455351421913E-002
   2.4188515574396486E-002
   2.4785781354274224E-002
   2.5392711245318181E-002
   2.6008744625846444E-002
   2.6633303357875962E-002
   2.7265793410967239E-002
   2.7905606450180316E-002
   2.8552121388060295E-002
   2.9204705900588154E-002
   2.9862717907049353E-002
   3.0525507013786896E-002
   3.1192415921818664E-002
   3.1862781798315629E-002
   3.2535937611952698E-002
   3.3211213432153740E-002
   3.3887937692272566E-002
   3.4565438416760491E-002
   3.5243044412387479E-002
   3.5920086423596662E-002
   3.6595898252084987E-002
   3.7269817840716070E-002
   3.7941188321885422E-002
   3.8609359030468235E-002
   3.9273686481495394E-002
   3.9933535312714222E-002
   4.0588279192202280E-002
   4.1237301691215721E-002
   4.1879997122464818E-002
   4.2515771344020313E-002
   4.3144042529067041E-002
   4.3764241901731046E-002
   4.4375814439218474E-002
   4.4978219540514598E-002
   4.5570931661902382E-002
   4.6153440919570826E-002
   4.6725253659591889E-002
   4.7285892995557924E-002
   4.7834899314177205E-002
   4.8371830749139845E-002
   4.8896263623570663E-002
   4.9407792861399180E-002
   4.9906032367983383E-002
   5.0390615380333889E-002
   5.0861194787293888E-002
   5.1317443420037842E-002
   5.1759054313262061E-002
   5.2185740937445893E-002
   5.2597237402573029E-002
   5.2993298633707678E-002
   5.3373700518829954E-002
   5.3738240029340627E-002
   5.4086735313653655E-002
   5.4419025764301257E-002
   5.4734972058983887E-002
   5.5034456176002763E-002
   5.5317381384520414E-002
   5.5583672210100570E-002
   5.5833274375983531E-002
   5.6066154720561388E-002
   5.6282301091520798E-002
   5.6481722217127724E-002
   5.6664447555133925E-002
   5.6830527119789198E-002
   5.6980031287449114E-002
   5.7113050581272591E-002
   5.7229695435507072E-002
   5.7330095939865724E-002
   5.7414401564502220E-002
   5.7482780866095345E-002
   5.7535421175557662E-002
   5.7572528267886662E-002
   5.7594326014680328E-002
   5.7601056019841848E-002
   5.7592977239001468E-002
   5.7570365583186241E-002
   5.7533513507270699E-002
   5.7482729583744729E-002
   5.7418338062335948E-002
   5.7340678416027101E-002
   5.7250104874009784E-002
   5.7146985942118658E-002
   5.7031703911290289E-002
   5.6904654354593402E-002
   5.6766245613377585E-002
   5.6616898273088544E-002
   5.6457044629298965E-002
   5.6287128144504255E-002
   5.6107602896232532E-002
   5.5918933017019307E-002
   5.5721592126795901E-002
   5.5516062758241336E-002
   5.5302835775647131E-002
   5.5082409787842193E-002
   5.4855290555726875E-002
   5.4621990394961371E-002
   5.4383027574354481E-002
   5.4138925710496381E-002
   5.3890213159177691E-002
   5.3637422404135368E-002
   5.3381089443663786E-002
   5.3121753175627659E-002
   5.2859954781410284E-002
   5.2596237109329071E-002
   5.2331144058046668E-002
   5.2065219960503221E-002
   5.1799008968893161E-002
   5.1533054441204817E-002
   5.1267898329839315E-002
   5.1004080572820625E-002
   5.0742138488104771E-002
   5.0482606171492632E-002
   5.0226013898645838E-002
   4.9972887531701232E-002
   4.9723747930974761E-002
   4.9479110372240211E-002
   4.9239483970064189E-002
   4.9005371107672287E-002
   4.8777266873817178E-002
   4.8555658507112680E-002
   4.8341024848293029E-002
   4.8133835800849380E-002
   4.7934551800491103E-002
   4.7743623293870968E-002
   4.7561490227008833E-002
   4.7388581543839743E-002
   4.7225314695307163E-002
   4.7072095159413511E-002
   4.6929315972633757E-002
   4.6797357273089993E-002
   4.6676585855876605E-002
   4.6567354740919456E-002
   4.6470002753741885E-002
   4.6384854119504541E-002
   4.6312218070675835E-002
   4.6252388468682119E-002
   4.6205643439876994E-002
   4.6172245026161220E-002
   4.6152438850574198E-002
   4.6146453798169666E-002
   4.6154501712477702E-002
   4.6176777107846005E-002
   4.6213456897943275E-002
   4.6264700140696620E-002
   4.6330647799925830E-002
   4.6411422523925501E-002
   4.6507128441235883E-002
   4.6617850973832461E-002
   4.6743656667952591E-002
   4.6884593042766605E-002
   4.7040688457089273E-002
   4.7211951994315243E-002
   4.7398373365751041E-002
   4.7599922832503319E-002
   4.7816551146070821E-002
   4.8048189507776090E-002
   4.8294749547158240E-002
   4.8556123319437462E-002
   4.8832183322147123E-002
   4.9122782531017255E-002
   4.9427754455178927E-002
   4.9746913211745875E-002
   5.0080053619815781E-002
   5.0426951313919416E-002
   5.0787362876932293E-002
   5.1161025992447505E-002
   5.1547659616596221E-002
   5.1946964169285383E-002
   5.2358621744807772E-002
   5.2782296341765449E-002
   5.3217634112231182E-002
   5.3664263630056344E-002
   5.4121796178219855E-002
   5.4589826055095762E-002
   5.5067930899499927E-002
   5.5555672034362118E-002
   5.6052594828851728E-002
   5.6558229078768993E-002
   5.7072089404997056E-002
   5.7593675669792614E-002
   5.8122473410676299E-002
   5.8657954291665301E-002
   5.9199576571575041E-002
   5.9746785589096359E-002
   6.0299014264338834E-002
   6.0855683616511544E-002
   6.1416203297394209E-002
   6.1979972140233285E-002
   6.2546378723678700E-002
   6.3114801950358165E-002
   6.3684611639665767E-002
   6.4255169134324261E-002
   6.4825827920258289E-002
   6.5395934259298308E-002
   6.5964827834213799E-002
   6.6531842405554070E-002
   6.7096306479755743E-002
   6.7657543987954427E-002
   6.8214874974917655E-002
   6.8767616297495657E-002
   6.9315082331964706E-002
   6.9856585689617570E-002
   7.0391437939932730E-002
   7.0918950340633502E-002
   7.1438434573926235E-002
   7.1949203488183650E-002
   7.2450571844318509E-002
   7.2941857066069871E-002
   7.3422379993400691E-002
   7.3891465638184328E-002
   7.4348443941333525E-002
   7.4792650530501700E-002
   7.5223427477464605E-002
   7.5640124054265290E-002
   7.6042097487182589E-002
   7.6428713707558174E-002
   7.6799348098494993E-002
   7.7153386236413671E-002
   7.7490224626429377E-002
   7.7809271430488283E-002
   7.8109947187175732E-002
   7.8391685522084503E-002
   7.8653933847606508E-002
   7.8896154050983894E-002
   7.9117823169432736E-002
   7.9318434051123099E-002
   7.9497496000777448E-002
   7.9654535408618263E-002
   7.9789096361373810E-002
   7.9900741234021508E-002
   7.9989051260922317E-002
   8.0053627084972684E-002
   8.0094089283373637E-002
   8.0110078868588008E-002
   8.0101257763031578E-002
   8.0067309246012644E-002
   8.0007938371410070E-002
   7.9922872354549479E-002
   7.9811860926709319E-002
   7.9674676655661442E-002
   7.9511115230618726E-002
   7.9320995709937989E-002
   7.9104160729892792E-002
   7.8860476672804589E-002
   7.8589833792789554E-002
   7.8292146297349721E-002
   7.7967352383005797E-002
   7.7615414223140528E-002
   7.7236317906190580E-002
   7.6830073322293593E-002
   7.6396713996468094E-002
   7.5936296866371517E-002
   7.5448902002651627E-002
   7.4934632269875012E-002
   7.4393612925984440E-002
   7.3825991158206622E-002
   7.3231935553298294E-002
   7.2611635499988225E-002
   7.1965300521439429E-002
   7.1293159535524037E-002
   7.0595460040670563E-002
   6.9872467225010698E-002
   6.9124462996519573E-002
   6.8351744931810413E-002
   6.7554625141211175E-002
   6.6733429047717480E-002
   6.5888494077381940E-002
   6.5020168258666480E-002
   6.4128808728250025E-002
   6.3214780140749785E-002
   6.2278452979779617E-002
   6.1320201767734263E-002
   6.0340403171653921E-002
   5.9339434002489089E-002
   5.8317669105046134E-002
   5.7275479135866759E-002
   5.6213228226251369E-002
   5.5131271527601396E-002
   5.4029952636228062E-002
   5.2909600894724254E-002
   5.1770528566973548E-002
   5.0613027883826982E-002
   4.9437367956441068E-002
   4.8243791554236422E-002
   4.7032511744398320E-002
   4.5803708389801752E-002
   4.4557524502207388E-002
   4.3294062447537196E-002
   4.2013380000000003E-002
