   1.7947749999999998E-002
   1.8472502907396784E-002
   1.9006057955542388E-002
   1.9548055653436491E-002
   2.0098136510078843E-002
   2.0655941034469140E-002
   2.1221109735607101E-002
   2.1793283122492433E-002
   2.2372101704124878E-002
   2.2957205989504129E-002
   2.3548236487629912E-002
   2.4144833707501950E-002
   2.4746638158119928E-002
   2.5353290348483607E-002
   2.5964430787592661E-002
   2.6579699984446835E-002
   2.7198738448045830E-002
   2.7821186687389376E-002
   2.8446685211477175E-002
   2.9074874529308951E-002
   2.9705395149884420E-002
   3.0337887582203276E-002
   3.0971992335265278E-002
   3.1607349918070106E-002
   3.2243600839617470E-002
   3.2880385608907131E-002
   3.3517344734938774E-002
   3.4154118726712104E-002
   3.4790348093226876E-002
   3.5425673343482768E-002
   3.6059734986479512E-002
   3.6692173531216815E-002
   3.7322629486694410E-002
   3.7950743361911995E-002
   3.8576155665869312E-002
   3.9198506907566037E-002
   3.9817437596001926E-002
   4.0432588240176662E-002
   4.1043599349089972E-002
   4.1650111431741597E-002
   4.2251764997131236E-002
   4.2848200554258586E-002
   4.3439058612123375E-002
   4.4023979679725329E-002
   4.4602604266064154E-002
   4.5174572880139569E-002
   4.5739526030951300E-002
   4.6297104227499046E-002
   4.6846947978782534E-002
   4.7388697793801469E-002
   4.7921994181555579E-002
   4.8446477651044588E-002
   4.8961788711268182E-002
   4.9467567871226109E-002
   4.9963455639918074E-002
   5.0449092526343775E-002
   5.0924119039502939E-002
   5.1388175688395293E-002
   5.1840902982020563E-002
   5.2281941429378413E-002
   5.2710931539468618E-002
   5.3127513821290863E-002
   5.3531328783844874E-002
   5.3922016936130357E-002
   5.4299218787147052E-002
   5.4662574845894631E-002
   5.5011725621372867E-002
   5.5288951914567105E-002
   5.5505673460230054E-002
   5.5707984583522996E-002
   5.5896087222381485E-002
   5.6070183314741118E-002
   5.6230474798537461E-002
   5.6377163611706076E-002
   5.6510451692182516E-002
   5.6630540977902384E-002
   5.6737633406801248E-002
   5.6831930916814662E-002
   5.6913635445878193E-002
   5.6982948931927430E-002
   5.7040073312897933E-002
   5.7085210526725265E-002
   5.7118562511345020E-002
   5.7140331204692744E-002
   5.7150718544704014E-002
   5.7149926469314404E-002
   5.7138156916459494E-002
   5.7115611824074826E-002
   5.7082493130096008E-002
   5.7039002772458575E-002
   5.6985342689098113E-002
   5.6921714817950199E-002
   5.6848321096950392E-002
   5.6765363464034276E-002
   5.6673043857137395E-002
   5.6571564214195340E-002
   5.6461126473143677E-002
   5.6341932571917989E-002
   5.6214184448453830E-002
   5.6078084040686781E-002
   5.5917802258418241E-002
   5.5717606851829048E-002
   5.5510013600109362E-002
   5.5295485910219107E-002
   5.5074487189118101E-002
   5.4847480843766221E-002
   5.4614930281123353E-002
   5.4377298908149331E-002
   5.4135050131804016E-002
   5.3888647359047290E-002
   5.3638553996838999E-002
   5.3385233452139032E-002
   5.3129149131907236E-002
   5.2870764443103457E-002
   5.2610542792687599E-002
   5.2348947587619474E-002
   5.2086442234858997E-002
   5.1823490141365988E-002
   5.1560554714100336E-002
   5.1298099360021894E-002
   5.1036587486090537E-002
   5.0776482499266112E-002
   5.0518247806508480E-002
   5.0262346814777537E-002
   5.0009242931033107E-002
   4.9759399562235067E-002
   4.9513280115343290E-002
   4.9271347997317645E-002
   4.9034066615117958E-002
   4.8801899375704123E-002
   4.8575309686035996E-002
   4.8354760953073443E-002
   4.8140716583776319E-002
   4.7939545710572247E-002
   4.7792986419721982E-002
   4.7654000663911456E-002
   4.7522762905545739E-002
   4.7399447607029979E-002
   4.7284229230769234E-002
   4.7177282239168609E-002
   4.7078781094633218E-002
   4.6988900259568145E-002
   4.6907814196378510E-002
   4.6835697367469384E-002
   4.6772724235245880E-002
   4.6719069262113111E-002
   4.6674906910476141E-002
   4.6640411642740118E-002
   4.6615757921310084E-002
   4.6601120208591182E-002
   4.6596672966988509E-002
   4.6602590658907130E-002
   4.6619047746752171E-002
   4.6646218692928738E-002
   4.6684277959841897E-002
   4.6733400009896786E-002
   4.6793759305498478E-002
   4.6865530309052092E-002
   4.6948887482962692E-002
   4.7044005289635420E-002
   4.7151058191475352E-002
   4.7270220650887589E-002
   4.7401667130277214E-002
   4.7545572092049355E-002
   4.7702109998609105E-002
   4.7871455312361547E-002
   4.8053782495711808E-002
   4.8337479605157690E-002
   4.8645062095658283E-002
   4.8965130079723862E-002
   4.9297318145098676E-002
   4.9641260879527097E-002
   4.9996592870753441E-002
   5.0362948706521991E-002
   5.0739962974577099E-002
   5.1127270262663074E-002
   5.1524505158524234E-002
   5.1931302249904866E-002
   5.2347296124549358E-002
   5.2772121370201971E-002
   5.3205412574607001E-002
   5.3646804325508848E-002
   5.4095931210651781E-002
   5.4552427817780108E-002
   5.5015928734638148E-002
   5.5486068548970258E-002
   5.5962481848520700E-002
   5.6444803221033832E-002
   5.6932667254253985E-002
   5.7425708535925435E-002
   5.7923561653792491E-002
   5.8425861195599539E-002
   5.8932241749090827E-002
   5.9442337902010693E-002
   5.9955784242103502E-002
   6.0472215357113508E-002
   6.0991265834785056E-002
   6.1512570262862470E-002
   6.2035763229090060E-002
   6.2560479321212129E-002
   6.3113546219268568E-002
   6.3680858186686506E-002
   6.4248227327939084E-002
   6.4815066401595040E-002
   6.5380788166222933E-002
   6.5944805380391408E-002
   6.6506530802669245E-002
   6.7065377191624975E-002
   6.7620757305827256E-002
   6.8172083903844771E-002
   6.8718769744246178E-002
   6.9260227585600118E-002
   6.9795870186475220E-002
   7.0325110305440183E-002
   7.0847360701063594E-002
   7.1362034131914165E-002
   7.1868543356560510E-002
   7.2366301133571315E-002
   7.2854720221515179E-002
   7.3333213378960815E-002
   7.3801193364476825E-002
   7.4258072936631864E-002
   7.4703264853994630E-002
   7.5136181875133726E-002
   7.5556236758617792E-002
   7.5962842263015543E-002
   7.6355411146895577E-002
   7.6733356168826580E-002
   7.7096090087377153E-002
   7.7443025661115994E-002
   7.7773575648611745E-002
   7.8087152808433050E-002
   7.8383169899148550E-002
   7.8628566495402188E-002
   7.8814817708555918E-002
   7.8982320953828747E-002
   7.9130886253610103E-002
   7.9260323630289425E-002
   7.9370443106256183E-002
   7.9461054703899789E-002
   7.9531968445609696E-002
   7.9582994353775388E-002
   7.9613942450786263E-002
   7.9624622759031802E-002
   7.9614845300901405E-002
   7.9584420098784567E-002
   7.9533157175070701E-002
   7.9460866552149248E-002
   7.9367358252409689E-002
   7.9252442298241452E-002
   7.9115928712033962E-002
   7.8957627516176687E-002
   7.8777348733059069E-002
   7.8574902385070547E-002
   7.8350098494600576E-002
   7.8102747084038582E-002
   7.7832658175774019E-002
   7.7539641792196370E-002
   7.7223507955695006E-002
   7.6884066688659436E-002
   7.6521128013479101E-002
   7.6134501952543385E-002
   7.5723998528241798E-002
   7.5289427762963754E-002
   7.4830599679098705E-002
   7.4347324299036108E-002
   7.3839411645165387E-002
   7.3306671739876011E-002
   7.2748914605557422E-002
   7.2165950264599030E-002
   7.1557588739390318E-002
   7.0923640052320741E-002
   7.0263914225779656E-002
   6.9578221282156669E-002
   6.8866371243841068E-002
   6.8128174133222363E-002
   6.7363439972690023E-002
   6.6571978784633459E-002
   6.5753600591442113E-002
   6.4908115415505493E-002
   6.4035333279212903E-002
   6.3135064204953975E-002
   6.2207118215118019E-002
   6.1251305332094497E-002
   6.0267435578272917E-002
   5.9255318976042679E-002
   5.8214765547793187E-002
   5.7145585315913974E-002
   5.6047588302794410E-002
   5.4920584530824004E-002
   5.3764384022392225E-002
   5.2578796799888347E-002
   5.1363632885702032E-002
   5.0118702302222595E-002
   4.8843815071839485E-002
   4.7538781216942216E-002
   4.6203410759920197E-002
   4.4837513723162803E-002
   4.3440900129059608E-002
   4.2013380000000003E-002
