   10.000000000000000     
   10.226130653266331     
   10.452261306532664     
   10.678391959798995     
   10.904522613065327     
   11.130653266331658     
   11.356783919597991     
   11.582914572864322     
   11.809045226130653     
   12.035175879396984     
   12.261306532663317     
   12.487437185929648     
   12.713567839195980     
   12.939698492462313     
   13.165829145728644     
   13.391959798994975     
   13.618090452261306     
   13.844221105527637     
   14.070351758793970     
   14.296482412060302     
   14.522613065326635     
   14.748743718592966     
   14.974874371859297     
   15.201005025125628     
   15.427135678391959     
   15.653266331658291     
   15.879396984924623     
   16.105527638190956     
   16.331658291457288     
   16.557788944723619     
   16.783919597989950     
   17.010050251256281     
   17.236180904522612     
   17.462311557788944     
   17.688442211055275     
   17.914572864321610     
   18.140703517587941     
   18.366834170854272     
   18.592964824120603     
   18.819095477386934     
   19.045226130653269     
   19.271356783919600     
   19.497487437185931     
   19.723618090452263     
   19.949748743718594     
   20.175879396984925     
   20.402010050251256     
   20.628140703517587     
   20.854271356783919     
   21.080402010050250     
   21.306532663316581     
   21.532663316582916     
   21.758793969849247     
   21.984924623115578     
   22.211055276381909     
   22.437185929648244     
   22.663316582914575     
   22.889447236180906     
   23.115577889447238     
   23.341708542713569     
   23.567839195979900     
   23.793969849246231     
   24.020100502512562     
   24.246231155778894     
   24.472361809045225     
   24.698492462311556     
   24.924623115577891     
   25.150753768844222     
   25.376884422110553     
   25.603015075376884     
   25.829145728643219     
   26.055276381909547     
   26.281407035175882     
   26.507537688442213     
   26.733668341708544     
   26.959798994974875     
   27.185929648241206     
   27.412060301507537     
   27.638190954773869     
   27.864321608040200     
   28.090452261306535     
   28.316582914572866     
   28.542713567839197     
   28.768844221105528     
   28.994974874371859     
   29.221105527638191     
   29.447236180904522     
   29.673366834170857     
   29.899497487437188     
   30.125628140703519     
   30.351758793969850     
   30.577889447236181     
   30.804020100502512     
   31.030150753768844     
   31.256281407035175     
   31.482412060301510     
   31.708542713567841     
   31.934673366834172     
   32.160804020100500     
   32.386934673366838     
   32.613065326633162     
   32.839195979899500     
   33.065326633165832     
   33.291457286432163     
   33.517587939698494     
   33.743718592964825     
   33.969849246231156     
   34.195979899497488     
   34.422110552763819     
   34.648241206030150     
   34.874371859296488     
   35.100502512562812     
   35.326633165829151     
   35.552763819095475     
   35.778894472361813     
   36.005025125628137     
   36.231155778894475     
   36.457286432160807     
   36.683417085427138     
   36.909547738693469     
   37.135678391959800     
   37.361809045226131     
   37.587939698492463     
   37.814070351758794     
   38.040201005025125     
   38.266331658291463     
   38.492462311557787     
   38.718592964824126     
   38.944723618090450     
   39.170854271356788     
   39.396984924623112     
   39.623115577889450     
   39.849246231155782     
   40.075376884422113     
   40.301507537688444     
   40.527638190954775     
   40.753768844221106     
   40.979899497487438     
   41.206030150753769     
   41.432160804020100     
   41.658291457286438     
   41.884422110552762     
   42.110552763819094     
   42.336683417085425     
   42.562814070351763     
   42.788944723618094     
   43.015075376884425     
   43.241206030150757     
   43.467336683417088     
   43.693467336683419     
   43.919597989949750     
   44.145728643216081     
   44.371859296482413     
   44.597989949748744     
   44.824120603015075     
   45.050251256281406     
   45.276381909547737     
   45.502512562814069     
   45.728643216080400     
   45.954773869346738     
   46.180904522613069     
   46.407035175879400     
   46.633165829145732     
   46.859296482412063     
   47.085427135678394     
   47.311557788944725     
   47.537688442211056     
   47.763819095477388     
   47.989949748743719     
   48.216080402010050     
   48.442211055276381     
   48.668341708542712     
   48.894472361809044     
   49.120603015075375     
   49.346733668341713     
   49.572864321608044     
   49.798994974874375     
   50.025125628140707     
   50.251256281407038     
   50.477386934673369     
   50.703517587939700     
   50.929648241206031     
   51.155778894472363     
   51.381909547738694     
   51.608040201005025     
   51.834170854271356     
   52.060301507537687     
   52.286432160804019     
   52.512562814070350     
   52.738693467336688     
   52.964824120603019     
   53.190954773869350     
   53.417085427135682     
   53.643216080402013     
   53.869346733668344     
   54.095477386934675     
   54.321608040201006     
   54.547738693467338     
   54.773869346733669     
   55.000000000000000     
