   1.7947749999999998E-002
   1.8708220100404804E-002
   1.9502509587865088E-002
   2.0327700231699389E-002
   2.1180873801226276E-002
   2.2059112065764289E-002
   2.2959496794631988E-002
   2.3879109757147899E-002
   2.4815032722630598E-002
   2.5764347460398625E-002
   2.6724135739770543E-002
   2.7691479330064887E-002
   2.8663460000600199E-002
   2.9637159520695067E-002
   3.0609659659668005E-002
   3.1578042186837574E-002
   3.2539388871522322E-002
   3.3490781483040820E-002
   3.4429301790711596E-002
   3.5352031563853206E-002
   3.6256052571784214E-002
   3.7138446583823141E-002
   3.7996295369288557E-002
   3.8845742920236140E-002
   3.9712322183609386E-002
   4.0592674361424809E-002
   4.1483141285964434E-002
   4.2380064789510299E-002
   4.3279786704344431E-002
   4.4178648862748887E-002
   4.5072993097005687E-002
   4.5959161239396897E-002
   4.6833495122204541E-002
   4.7692336577710652E-002
   4.8532027438197275E-002
   4.9348909535946450E-002
   5.0139324703240194E-002
   5.0899614772360588E-002
   5.1626121575589622E-002
   5.2315186945209376E-002
   5.2963152713501868E-002
   5.3566360712749138E-002
   5.4121152775233210E-002
   5.4623870733236143E-002
   5.5070856419039985E-002
   5.5462473823280435E-002
   5.5807021388002358E-002
   5.6106835344718088E-002
   5.6363970606725447E-002
   5.6580482087322297E-002
   5.6758424699806465E-002
   5.6899853357475751E-002
   5.7006822973628017E-002
   5.7081388461561113E-002
   5.7125604734572850E-002
   5.7141526705961065E-002
   5.7131209289023599E-002
   5.7096707397058272E-002
   5.7040075943362925E-002
   5.6963369841235421E-002
   5.6868644003973547E-002
   5.6757953344875184E-002
   5.6633352777238133E-002
   5.6496897214360228E-002
   5.6350641569539332E-002
   5.6196640756073245E-002
   5.6036949687259814E-002
   5.5862665494451624E-002
   5.5641462104973241E-002
   5.5375266413975631E-002
   5.5068794034310080E-002
   5.4726760578827832E-002
   5.4353881660380132E-002
   5.3954872891818245E-002
   5.3534449885993436E-002
   5.3097328255756956E-002
   5.2648223613960064E-002
   5.2191851573454004E-002
   5.1732927747090041E-002
   5.1276167747719446E-002
   5.0826287188193431E-002
   5.0388001681363301E-002
   4.9966026840080308E-002
   4.9565078277195689E-002
   4.9189871605560688E-002
   4.8845122438026599E-002
   4.8535546387444659E-002
   4.8265859066666118E-002
   4.8040776088542250E-002
   4.7857546229298054E-002
   4.7683559816715702E-002
   4.7515910198281885E-002
   4.7356372697267043E-002
   4.7206722636941686E-002
   4.7068735340576262E-002
   4.6944186131441273E-002
   4.6834850332807182E-002
   4.6742503267944484E-002
   4.6668920260123634E-002
   4.6615876632615107E-002
   4.6585147708689406E-002
   4.6578508811616987E-002
   4.6597735264668323E-002
   4.6644602391113926E-002
   4.6720885514224243E-002
   4.6828359957269750E-002
   4.6968801043520941E-002
   4.7143984096248266E-002
   4.7355684438722234E-002
   4.7605677394213314E-002
   4.7895738285991973E-002
   4.8228976508497647E-002
   4.8615345921703426E-002
   4.9053495189682918E-002
   4.9539705890232461E-002
   5.0070259601148324E-002
   5.0641437900226884E-002
   5.1249522365264359E-002
   5.1890794574057125E-002
   5.2561536104401459E-002
   5.3258028534093678E-002
   5.3976553440930067E-002
   5.4713392402706951E-002
   5.5464826997220662E-002
   5.6227138802267436E-002
   5.6996609395643674E-002
   5.7769520355145598E-002
   5.8542153258569568E-002
   5.9310789683711854E-002
   6.0071711208368822E-002
   6.0821199410336681E-002
   6.1555535867411866E-002
   6.2271002157390586E-002
   6.2967835347584628E-002
   6.3693069542201039E-002
   6.4456718160566223E-002
   6.5252805454622170E-002
   6.6075355676310898E-002
   6.6918393077574426E-002
   6.7775941910354770E-002
   6.8642026426593977E-002
   6.9510670878233982E-002
   7.0375899517216886E-002
   7.1231736595484693E-002
   7.2072206364979380E-002
   7.2891333077642964E-002
   7.3683140985417464E-002
   7.4441654340244939E-002
   7.5160897394067394E-002
   7.5834894398826805E-002
   7.6457669606465190E-002
   7.7023247268924594E-002
   7.7525651638147050E-002
   7.7958906966074534E-002
   7.8317037504649065E-002
   7.8595514206163758E-002
   7.8828790383784264E-002
   7.9032247329902189E-002
   7.9203951839064535E-002
   7.9341970705818179E-002
   7.9444370724710139E-002
   7.9509218690287375E-002
   7.9534581397096835E-002
   7.9518525639685519E-002
   7.9459118212600349E-002
   7.9354425910388299E-002
   7.9202515527596315E-002
   7.9001453858771400E-002
   7.8749307698460475E-002
   7.8444143841210526E-002
   7.8084029081568543E-002
   7.7667030214081445E-002
   7.7191214033296207E-002
   7.6654647333759776E-002
   7.6055396910019155E-002
   7.5391529556621262E-002
   7.4661112068113100E-002
   7.3862045827290029E-002
   7.2977904136163202E-002
   7.2002714545065100E-002
   7.0942083882743021E-002
   6.9801618977944277E-002
   6.8586926659416222E-002
   6.7303613755906114E-002
   6.5957287096161332E-002
   6.4553553508929135E-002
   6.3098019822956902E-002
   6.1596292866991892E-002
   6.0053979469781443E-002
   5.8476686460072827E-002
   5.6870020666613438E-002
   5.5239588918150589E-002
   5.3590998043431551E-002
   5.1929854871203648E-002
   5.0261766230214215E-002
   4.8592338949210556E-002
   4.6927179856939984E-002
   4.5271895782149824E-002
   4.3632093553587402E-002
   4.2013380000000003E-002
