   1.7947749999999998E-002
   1.8449973830697946E-002
   1.8967610598604259E-002
   1.9499799973290457E-002
   2.0045681624328085E-002
   2.0604395221288662E-002
   2.1175080433743738E-002
   2.1756876931264831E-002
   2.2348924383423473E-002
   2.2950362459791190E-002
   2.3560330829939535E-002
   2.4177969163440036E-002
   2.4802417129864203E-002
   2.5432814398783594E-002
   2.6068300639769729E-002
   2.6708015522394147E-002
   2.7351098716228359E-002
   2.7996689890843925E-002
   2.8643928715812370E-002
   2.9291954860705204E-002
   2.9939907995093995E-002
   3.0586927788550253E-002
   3.1232153910645506E-002
   3.1874726030951303E-002
   3.2513783819039153E-002
   3.3148466944480613E-002
   3.3777915076847215E-002
   3.4401267885710463E-002
   3.5017665040641924E-002
   3.5626246211213103E-002
   3.6226151066995539E-002
   3.6816519277560765E-002
   3.7396490512480333E-002
   3.7965204441325756E-002
   3.8528277776681961E-002
   3.9099143397835968E-002
   3.9677253365404216E-002
   4.0261529206385843E-002
   4.0850892447779993E-002
   4.1444264616585853E-002
   4.2040567239802526E-002
   4.2638721844429184E-002
   4.3237649957464958E-002
   4.3836273105909013E-002
   4.4433512816760494E-002
   4.5028290617018532E-002
   4.5619528033682293E-002
   4.6206146593750934E-002
   4.6787067824223580E-002
   4.7361213252099396E-002
   4.7927504404377493E-002
   4.8484862808057076E-002
   4.9032209990137257E-002
   4.9568467477617201E-002
   5.0092556797496038E-002
   5.0603399476772934E-002
   5.1099917042447034E-002
   5.1581031021517468E-002
   5.2045662940983395E-002
   5.2492734327843960E-002
   5.2921166709098348E-002
   5.3329881611745650E-002
   5.3717800562785030E-002
   5.4083845089215668E-002
   5.4426936718036681E-002
   5.4745996976247227E-002
   5.5039947390846465E-002
   5.5308565378940314E-002
   5.5555594235345028E-002
   5.5782132093764224E-002
   5.5988784768004625E-002
   5.6176158071872935E-002
   5.6344857819175864E-002
   5.6495489823720109E-002
   5.6628659899312400E-002
   5.6744973859759441E-002
   5.6845037518867957E-002
   5.6929456690444642E-002
   5.6998837188296216E-002
   5.7053784826229366E-002
   5.7094905418050845E-002
   5.7122804777567343E-002
   5.7138088718585563E-002
   5.7141363054912221E-002
   5.7133233600354029E-002
   5.7114306168717703E-002
   5.7085186573809947E-002
   5.7046480629437499E-002
   5.6998794149407020E-002
   5.6942732947525262E-002
   5.6878902837598923E-002
   5.6807909633434697E-002
   5.6730359148839331E-002
   5.6646857197619513E-002
   5.6558009593581947E-002
   5.6464422150533364E-002
   5.6366700682280453E-002
   5.6265451002629953E-002
   5.6161278925388559E-002
   5.6054790264362976E-002
   5.5945367662269430E-002
   5.5817948125648519E-002
   5.5668971086790225E-002
   5.5499826766574147E-002
   5.5311905385879837E-002
   5.5106597165586912E-002
   5.4885292326574943E-002
   5.4649381089723552E-002
   5.4400253675912280E-002
   5.4139300306020759E-002
   5.3867911200928549E-002
   5.3587476581515261E-002
   5.3299386668660492E-002
   5.3005031683243803E-002
   5.2705801846144783E-002
   5.2403087378243049E-002
   5.2098278500418184E-002
   5.1792765433549756E-002
   5.1487938398517376E-002
   5.1185187616200625E-002
   5.0885903307479094E-002
   5.0591475693232378E-002
   5.0303294994340060E-002
   5.0022751431681736E-002
   4.9751235226136989E-002
   4.9490136598585394E-002
   4.9240845769906574E-002
   4.9004752960980100E-002
   4.8783248392685559E-002
   4.8577722285902541E-002
   4.8389564861510637E-002
   4.8220166340389448E-002
   4.8070916943418543E-002
   4.7943075881954428E-002
   4.7825147092299819E-002
   4.7709383503126847E-002
   4.7596308501650836E-002
   4.7486445475087097E-002
   4.7380317810650885E-002
   4.7278448895557539E-002
   4.7181362117022327E-002
   4.7089580862260567E-002
   4.7003628518487536E-002
   4.6924028472918551E-002
   4.6851304112768902E-002
   4.6785978825253871E-002
   4.6728575997588777E-002
   4.6679619016988909E-002
   4.6639631270669571E-002
   4.6609136145846053E-002
   4.6588657029733652E-002
   4.6578717309547657E-002
   4.6579840372503366E-002
   4.6592549605816103E-002
   4.6617368396701130E-002
   4.6654820132373778E-002
   4.6705428200049318E-002
   4.6769715986943058E-002
   4.6848206880270277E-002
   4.6941424267246311E-002
   4.7049891535086416E-002
   4.7174132071005917E-002
   4.7314669262220097E-002
   4.7472026495944272E-002
   4.7646727159393706E-002
   4.7839294639783723E-002
   4.8050252324329620E-002
   4.8282440198679069E-002
   4.8538929634812135E-002
   4.8818663925371902E-002
   4.9120546833591343E-002
   4.9443482122703400E-002
   4.9786373555941017E-002
   5.0148124896537159E-002
   5.0527639907724756E-002
   5.0923822352736819E-002
   5.1335575994806239E-002
   5.1761804597165992E-002
   5.2201411923049057E-002
   5.2653301735688378E-002
   5.3116377798316836E-002
   5.3589543874167492E-002
   5.4071703726473262E-002
   5.4561761118467084E-002
   5.5058619813381886E-002
   5.5561183574450702E-002
   5.6068356164906401E-002
   5.6579041347981980E-002
   5.7092142886910398E-002
   5.7606564544924597E-002
   5.8121210085257516E-002
   5.8634983271142159E-002
   5.9146787865811387E-002
   5.9655527632498248E-002
   6.0160106334435678E-002
   6.0659427734856580E-002
   6.1152395596993946E-002
   6.1637913684080746E-002
   6.2114885759349876E-002
   6.2582215586034343E-002
   6.3045807235450266E-002
   6.3527007376023528E-002
   6.4025816684324000E-002
   6.4540473436057649E-002
   6.5069215906930433E-002
   6.5610282372648210E-002
   6.6161911108917060E-002
   6.6722340391442897E-002
   6.7289808495931636E-002
   6.7862553698089245E-002
   6.8438814273621723E-002
   6.9016828498234969E-002
   6.9594834647634940E-002
   7.0171070997527632E-002
   7.0743775823618960E-002
   7.1311187401614878E-002
   7.1871544007221386E-002
   7.2423083916144410E-002
   7.2964045404089836E-002
   7.3492666746763760E-002
   7.4007186219871998E-002
   7.4505842099120576E-002
   7.4986872660215448E-002
   7.5448516178862529E-002
   7.5889010930767775E-002
   7.6306595191637211E-002
   7.6699507237176723E-002
   7.7065985343092280E-002
   7.7404267785089825E-002
   7.7712592838875327E-002
   7.7989198780154770E-002
   7.8232323884634039E-002
   7.8440206428019119E-002
   7.8613652340872642E-002
   7.8770732218295392E-002
   7.8914826782024050E-002
   7.9045366099226952E-002
   7.9161780237072460E-002
   7.9263499262728868E-002
   7.9349953243364552E-002
   7.9420572246147791E-002
   7.9474786338246992E-002
   7.9512025586830432E-002
   7.9531720059066474E-002
   7.9533299822123468E-002
   7.9516194943169707E-002
   7.9479835489373554E-002
   7.9423651527903344E-002
   7.9347073125927411E-002
   7.9249530350614092E-002
   7.9130453269131720E-002
   7.8989271948648659E-002
   7.8825416456333161E-002
   7.8638316859353671E-002
   7.8427403224878456E-002
   7.8192105620075850E-002
   7.7931854112114229E-002
   7.7646078768161916E-002
   7.7334209655387204E-002
   7.6995676840958469E-002
   7.6629910392044046E-002
   7.6236340375812270E-002
   7.5814396859431463E-002
   7.5363509910069973E-002
   7.4883109594896136E-002
   7.4372625981078314E-002
   7.3831197064427770E-002
   7.3250847404496042E-002
   7.2629427970428109E-002
   7.1968591724551209E-002
   7.1269991629192550E-002
   7.0535280646679327E-002
   6.9766111739338707E-002
   6.8964137869497968E-002
   6.8131011999484264E-002
   6.7268387091624762E-002
   6.6377916108246782E-002
   6.5461252011677393E-002
   6.4520047764243901E-002
   6.3555956328273461E-002
   6.2570630666093266E-002
   6.1565723740030567E-002
   6.0542888512412539E-002
   5.9503777945566314E-002
   5.8450045001819245E-002
   5.7383342643498446E-002
   5.6305323832931076E-002
   5.5217641532444448E-002
   5.4121948704365638E-002
   5.3019898311021996E-002
   5.1913143314740631E-002
   5.0803336677848712E-002
   4.9692131362673551E-002
   4.8581180331542288E-002
   4.7472136546782090E-002
   4.6366652970720248E-002
   4.5266382565683924E-002
   4.4172978294000263E-002
   4.3088093117996572E-002
   4.2013380000000003E-002
