   10.000000000000000     
   10.150501672240802     
   10.301003344481606     
   10.451505016722408     
   10.602006688963211     
   10.752508361204013     
   10.903010033444817     
   11.053511705685619     
   11.204013377926422     
   11.354515050167224     
   11.505016722408026     
   11.655518394648830     
   11.806020066889632     
   11.956521739130435     
   12.107023411371237     
   12.257525083612041     
   12.408026755852843     
   12.558528428093645     
   12.709030100334449     
   12.859531772575250     
   13.010033444816054     
   13.160535117056856     
   13.311036789297660     
   13.461538461538462     
   13.612040133779264     
   13.762541806020067     
   13.913043478260871     
   14.063545150501673     
   14.214046822742475     
   14.364548494983278     
   14.515050167224080     
   14.665551839464882     
   14.816053511705686     
   14.966555183946490     
   15.117056856187292     
   15.267558528428093     
   15.418060200668897     
   15.568561872909699     
   15.719063545150501     
   15.869565217391305     
   16.020066889632108     
   16.170568561872912     
   16.321070234113712     
   16.471571906354516     
   16.622073578595320     
   16.772575250836120     
   16.923076923076923     
   17.073578595317727     
   17.224080267558527     
   17.374581939799331     
   17.525083612040135     
   17.675585284280938     
   17.826086956521742     
   17.976588628762542     
   18.127090301003346     
   18.277591973244149     
   18.428093645484950     
   18.578595317725753     
   18.729096989966557     
   18.879598662207357     
   19.030100334448161     
   19.180602006688964     
   19.331103678929765     
   19.481605351170572     
   19.632107023411372     
   19.782608695652172     
   19.933110367892979     
   20.083612040133779     
   20.234113712374583     
   20.384615384615387     
   20.535117056856187     
   20.685618729096991     
   20.836120401337794     
   20.986622073578594     
   21.137123745819398     
   21.287625418060202     
   21.438127090301002     
   21.588628762541809     
   21.739130434782609     
   21.889632107023413     
   22.040133779264217     
   22.190635451505017     
   22.341137123745821     
   22.491638795986624     
   22.642140468227424     
   22.792642140468228     
   22.943143812709032     
   23.093645484949832     
   23.244147157190636     
   23.394648829431439     
   23.545150501672239     
   23.695652173913047     
   23.846153846153847     
   23.996655518394650     
   24.147157190635454     
   24.297658862876254     
   24.448160535117058     
   24.598662207357862     
   24.749163879598662     
   24.899665551839465     
   25.050167224080269     
   25.200668896321069     
   25.351170568561876     
   25.501672240802677     
   25.652173913043480     
   25.802675585284284     
   25.953177257525084     
   26.103678929765888     
   26.254180602006691     
   26.404682274247492     
   26.555183946488295     
   26.705685618729099     
   26.856187290969899     
   27.006688963210703     
   27.157190635451506     
   27.307692307692310     
   27.458193979933110     
   27.608695652173914     
   27.759197324414718     
   27.909698996655521     
   28.060200668896321     
   28.210702341137125     
   28.361204013377929     
   28.511705685618729     
   28.662207357859533     
   28.812709030100336     
   28.963210702341140     
   29.113712374581940     
   29.264214046822744     
   29.414715719063548     
   29.565217391304348     
   29.715719063545151     
   29.866220735785955     
   30.016722408026759     
   30.167224080267559     
   30.317725752508363     
   30.468227424749166     
   30.618729096989966     
   30.769230769230770     
   30.919732441471574     
   31.070234113712377     
   31.220735785953178     
   31.371237458193981     
   31.521739130434785     
   31.672240802675589     
   31.822742474916389     
   31.973244147157192     
   32.123745819397996     
   32.274247491638796     
   32.424749163879596     
   32.575250836120404     
   32.725752508361211     
   32.876254180602004     
   33.026755852842811     
   33.177257525083618     
   33.327759197324411     
   33.478260869565219     
   33.628762541806026     
   33.779264214046826     
   33.929765886287626     
   34.080267558528433     
   34.230769230769234     
   34.381270903010034     
   34.531772575250841     
   34.682274247491641     
   34.832775919732441     
   34.983277591973248     
   35.133779264214049     
   35.284280936454849     
   35.434782608695656     
   35.585284280936456     
   35.735785953177256     
   35.886287625418063     
   36.036789297658864     
   36.187290969899664     
   36.337792642140471     
   36.488294314381271     
   36.638795986622071     
   36.789297658862878     
   36.939799331103686     
   37.090301003344479     
   37.240802675585286     
   37.391304347826093     
   37.541806020066893     
   37.692307692307693     
   37.842809364548501     
   37.993311036789301     
   38.143812709030101     
   38.294314381270908     
   38.444816053511708     
   38.595317725752508     
   38.745819397993316     
   38.896321070234116     
   39.046822742474916     
   39.197324414715723     
   39.347826086956523     
   39.498327759197323     
   39.648829431438131     
   39.799331103678931     
   39.949832775919731     
   40.100334448160538     
   40.250836120401338     
   40.401337792642138     
   40.551839464882946     
   40.702341137123753     
   40.852842809364546     
   41.003344481605353     
   41.153846153846160     
   41.304347826086961     
   41.454849498327761     
   41.605351170568568     
   41.755852842809368     
   41.906354515050168     
   42.056856187290975     
   42.207357859531776     
   42.357859531772576     
   42.508361204013383     
   42.658862876254183     
   42.809364548494983     
   42.959866220735790     
   43.110367892976591     
   43.260869565217391     
   43.411371237458198     
   43.561872909698998     
   43.712374581939798     
   43.862876254180605     
   44.013377926421406     
   44.163879598662213     
   44.314381270903013     
   44.464882943143813     
   44.615384615384620     
   44.765886287625420     
   44.916387959866221     
   45.066889632107028     
   45.217391304347828     
   45.367892976588628     
   45.518394648829435     
   45.668896321070235     
   45.819397993311043     
   45.969899665551843     
   46.120401337792643     
   46.270903010033450     
   46.421404682274250     
   46.571906354515050     
   46.722408026755858     
   46.872909698996658     
   47.023411371237458     
   47.173913043478265     
   47.324414715719065     
   47.474916387959865     
   47.625418060200673     
   47.775919732441473     
   47.926421404682280     
   48.076923076923080     
   48.227424749163880     
   48.377926421404688     
   48.528428093645488     
   48.678929765886288     
   48.829431438127095     
   48.979933110367895     
   49.130434782608695     
   49.280936454849503     
   49.431438127090303     
   49.581939799331110     
   49.732441471571910     
   49.882943143812710     
   50.033444816053517     
   50.183946488294318     
   50.334448160535118     
   50.484949832775925     
   50.635451505016725     
   50.785953177257525     
   50.936454849498332     
   51.086956521739133     
   51.237458193979933     
   51.387959866220740     
   51.538461538461540     
   51.688963210702347     
   51.839464882943147     
   51.989966555183948     
   52.140468227424755     
   52.290969899665555     
   52.441471571906355     
   52.591973244147162     
   52.742474916387962     
   52.892976588628763     
   53.043478260869570     
   53.193979933110370     
   53.344481605351177     
   53.494983277591977     
   53.645484949832777     
   53.795986622073585     
   53.946488294314385     
   54.096989966555185     
   54.247491638795992     
   54.397993311036792     
   54.548494983277592     
   54.698996655518400     
   54.849498327759200     
   55.000000000000000     
